
# Topology Configuration

TOPO_FULLY_CONNECTED = {
    0: [1, 2, 3, 4, 5],
    1: [0, 2, 3, 4, 5],
    2: [0, 1, 3, 4, 5],
    3: [0, 1, 2, 4, 5],
    4: [0, 1, 2, 3, 5],
    5: [0, 1, 2, 3, 4],
}

TOPO_BRIDGE = {
    0: [1, 2],
    1: [0, 2],
    2: [0, 1, 3],
    3: [2, 4, 5],
    4: [3, 5],
    5: [3, 4],
}

TOPO_MINI_FC = {
    0: [1, 2],
    1: [0, 2],
    2: [0, 1],
}

TOPO_FOUR_BRIDGES = {
    0: [1, 2],
    1: [0, 2, 3],
    2: [0, 1, 10],

    3: [4, 5, 1],
    4: [3, 5],
    5: [3, 4, 6],

    6: [7, 8, 5],
    7: [6, 8],
    8: [6, 7, 9],

    9: [10, 11, 8],
    10: [9, 11, 2],
    11: [9, 10],
}

TOPO_DUMBBELL = {
    0: [1, 2, 3, 4, 5, 6, 7, 8, 9, 10, 11],
    1: [0, 2, 3, 4, 5, 6, 7, 8, 9, 10, 11],
    2: [0, 1, 3, 4, 5, 6, 7, 8, 9, 10, 11],
    3: [0, 1, 2, 4, 5, 6, 7, 8, 9, 10, 11],
    4: [0, 1, 2, 3, 5, 6, 7, 8, 9, 10, 11],
    5: [0, 1, 2, 3, 4, 6, 7, 8, 9, 10, 11],
    6: [0, 1, 2, 3, 4, 5, 7, 8, 9, 10, 11],
    7: [0, 1, 2, 3, 4, 5, 6, 8, 9, 10, 11],
    8: [0, 1, 2, 3, 4, 5, 6, 7, 9, 10, 11],
    9: [0, 1, 2, 3, 4, 5, 6, 7, 8, 10, 11],
    10: [0, 1, 2, 3, 4, 5, 6, 7, 8, 9, 11],
    11: [0, 1, 2, 3, 4, 5, 6, 7, 8, 9, 10, 12],
    12: [11, 13, 14, 15, 16, 17, 18, 19, 20, 21, 22, 23],
    13: [12, 14, 15, 16, 17, 18, 19, 20, 21, 22, 23],
    14: [12, 13, 15, 16, 17, 18, 19, 20, 21, 22, 23],
    15: [12, 13, 14, 16, 17, 18, 19, 20, 21, 22, 23],
    16: [12, 13, 14, 15, 17, 18, 19, 20, 21, 22, 23],
    17: [12, 13, 14, 15, 16, 18, 19, 20, 21, 22, 23],
    18: [12, 13, 14, 15, 16, 17, 19, 20, 21, 22, 23],
    19: [12, 13, 14, 15, 16, 17, 18, 20, 21, 22, 23],
    20: [12, 13, 14, 15, 16, 17, 18, 19, 21, 22, 23],
    21: [12, 13, 14, 15, 16, 17, 18, 19, 20, 22, 23],
    22: [12, 13, 14, 15, 16, 17, 18, 19, 20, 21, 23],
    23: [12, 13, 14, 15, 16, 17, 18, 19, 20, 21, 22]
}

TOPO_DUMBBELL_BIGGER = {}
TOPO_DUMBBELL_BIGGER.update({i: [j for j in range(0, 24) if i != j] for i in range(0, 24)})
TOPO_DUMBBELL_BIGGER.update({i: [j for j in range(24, 48) if i != j] for i in range(24, 48)})
TOPO_DUMBBELL_BIGGER[23] += [24]
TOPO_DUMBBELL_BIGGER[24] += [23]

# TOPO_FOUR_BRIDGES_DUMBBELL = {}

TOPOS = {
    'fully_connected': TOPO_FULLY_CONNECTED,
    'mini_fc': TOPO_MINI_FC,
    'bridge': TOPO_BRIDGE,
    'four_bridges': TOPO_FOUR_BRIDGES,
    'dumbbell': TOPO_DUMBBELL,
    'dumbbell_bigger': TOPO_DUMBBELL_BIGGER
}
